0 0 1
1 1 2
4 2 2
4 3 6
6 4 2
7 5 2
0 6 2
4 7 2
7 8 0

[0 0 1] 
[1 1 2] 
[3 2 2] 
[4 3 5] 
[5 4 2] 
[6 5 2] 
[0 6 2] 
[4 7 2] 
[7 8 0]

{(0, 0, 1): 0, 
(1, 1, 2): 1, 
(3, 2, 2): 2, 
(4, 3, 5): 3, 
(5, 4, 2): 9, 
(6, 5, 2): 10, 
(0, 6, 2): 11, 
(4, 7, 2): 12, 
(7, 8, 0): 8}

{0: {1: 0, 2: 6}, 1: {2: 1}, 3: {2: 2}, 4: {5: 3, 2: 7}, 5: {2: 4}, 6: {2: 5}}

{
   0:{
      1:0,
      2:6
   },
   1:{
      2:1
   },
   3:{
      2:2
   },
   4:{
      5:3,
      2:7
   },
   5:{
      2:4
   },
   6:{
      2:5
   }
}
{0: {1: 0, 2: 6}, 1: {2: 1}, 3: {2: 2}, 4: {5: 3, 2: 7}, 5: {2: 4}, 6: {2: 5}, 7: {0: 8}}


[(5, 4, 2), (7, 8, 0), (1, 1, 2), (6, 5, 2), (4, 3, 5), (0, 6, 2), (0, 0, 1), (4, 7, 2), (3, 2, 2)]

batch_inputs
tensor([[5, 4, 2],
        [4, 7, 2],
        [4, 3, 5],
        [1, 1, 2],
        [0, 0, 1],
        [0, 6, 2],
        [7, 8, 0],
        [3, 2, 2],
        [6, 5, 2],
        [1, 4, 2],
        [0, 7, 2],
        [6, 3, 5],
        [2, 1, 2],
        [7, 0, 1],
        [6, 6, 2],
        [1, 8, 0],
        [7, 2, 2],
        [1, 5, 2],
        [5, 4, 1],
        [4, 7, 4],
        [4, 3, 2],
        [1, 1, 7],
        [0, 0, 4],
        [0, 6, 0],
        [7, 8, 6],
        [3, 2, 5],
        [6, 5, 6]])